%YAML:1.0
---
time_20201126222224192: {
    message:"https://u.wechat.com/MLn3tM9ro0LmwxaD-IKvvdQ", Rvec:[
    -3.0643957784450544e+00, -8.4755499634118159e-02,
    9.0641427986856885e-02 ], Tvec:[ -4.7262057674020763e+00,
    1.1214833422582947e+01, 5.9438342507364140e+01 ] }
...
---
time_20201126222224440: {
    message:"https://u.wechat.com/MLn3tM9ro0LmwxaD-IKvvdQ", Rvec:[
    -3.0768647264655753e+00, -8.9851907939197853e-02,
    1.0259415636058943e-01 ], Tvec:[ -4.9761929731730588e+00,
    1.0163164440431029e+01, 6.0126597780658656e+01 ] }
...
---
time_20201126222224649: {
    message:"https://u.wechat.com/MLn3tM9ro0LmwxaD-IKvvdQ", Rvec:[
    -3.0908467296583022e+00, -1.0120185109803435e-01,
    1.0813463690293784e-01 ], Tvec:[ -4.8724643782696697e+00,
    9.6481749093112654e+00, 6.0608876081871159e+01 ] }
...
---
time_20201126222224773: {
    message:"https://u.wechat.com/MLn3tM9ro0LmwxaD-IKvvdQ", Rvec:[
    -3.0819385256365774e+00, -1.0188876106684898e-01,
    9.4171582660760866e-02 ], Tvec:[ -4.6774867872609907e+00,
    9.8629528430814588e+00, 6.0432726000283289e+01 ] }
...
---
time_20201126222224954: {
    message:"https://u.wechat.com/MLn3tM9ro0LmwxaD-IKvvdQ", Rvec:[
    -3.0770225542801724e+00, -9.8217041680796716e-02,
    1.0650879823092899e-01 ], Tvec:[ -4.5859424700640874e+00,
    9.8763237981551253e+00, 6.0130568393783484e+01 ] }
...
---
time_20201126222225181: {
    message:"https://u.wechat.com/MLn3tM9ro0LmwxaD-IKvvdQ", Rvec:[
    -3.1029172675635341e+00, -7.0471582525596391e-02,
    1.3391092514297728e-01 ], Tvec:[ -4.4269396679214053e+00,
    1.0357567488188453e+01, 6.0233027606689639e+01 ] }
...
---
time_20201126222225308: {
    message:"https://u.wechat.com/MLn3tM9ro0LmwxaD-IKvvdQ", Rvec:[
    -3.0803973365001673e+00, -8.0406623931707985e-02,
    1.2478641896023816e-01 ], Tvec:[ -4.3823913961183818e+00,
    1.0456162216168265e+01, 6.0094729303993759e+01 ] }
...
---
time_20201126222225447: {
    message:"https://u.wechat.com/MLn3tM9ro0LmwxaD-IKvvdQ", Rvec:[
    -3.0778842901822947e+00, -7.6099412395887231e-02,
    1.2437829796021105e-01 ], Tvec:[ -4.4641659682733685e+00,
    1.0486522087763902e+01, 6.0075685532456319e+01 ] }
...
---
time_20201126222225566: {
    message:"https://u.wechat.com/MLn3tM9ro0LmwxaD-IKvvdQ", Rvec:[
    -3.0959551356381074e+00, -6.4932923017951200e-02,
    1.4703108957126365e-01 ], Tvec:[ -4.4929610817591588e+00,
    1.0468734117044875e+01, 6.0158896989221873e+01 ] }
...
---
time_20201126222225706: {
    message:"https://u.wechat.com/MLn3tM9ro0LmwxaD-IKvvdQ", Rvec:[
    -3.0705655430985295e+00, -7.3063746528783086e-02,
    1.1275707460228351e-01 ], Tvec:[ -4.4357021136199313e+00,
    1.0612797627627513e+01, 6.0234904589006099e+01 ] }
...
---
time_20201126222225830: {
    message:"https://u.wechat.com/MLn3tM9ro0LmwxaD-IKvvdQ", Rvec:[
    -3.0735853594840106e+00, -7.1050569645073669e-02,
    1.5682287753176272e-01 ], Tvec:[ -4.4697499405759782e+00,
    1.0653849732489384e+01, 6.0053329416587772e+01 ] }
...
---
time_20201126222225967: {
    message:"https://u.wechat.com/MLn3tM9ro0LmwxaD-IKvvdQ", Rvec:[
    -3.0803904925305936e+00, -7.1744295346496706e-02,
    1.2218260953126941e-01 ], Tvec:[ -4.4381701332980148e+00,
    1.0631070806691364e+01, 6.0115688977207512e+01 ] }
...
---
time_20201126222226087: {
    message:"https://u.wechat.com/MLn3tM9ro0LmwxaD-IKvvdQ", Rvec:[
    -3.0814824933883767e+00, -6.3184694601031308e-02,
    1.4723099116900729e-01 ], Tvec:[ -4.4780510965463716e+00,
    1.0691870145294388e+01, 6.0326399689418558e+01 ] }
...
---
time_20201126222226324: {
    message:"https://u.wechat.com/MLn3tM9ro0LmwxaD-IKvvdQ", Rvec:[
    -3.0825407652361503e+00, -6.9909776436160725e-02,
    1.6988662086835665e-01 ], Tvec:[ -4.4404050028366999e+00,
    1.0673068371298855e+01, 6.0259358983884788e+01 ] }
...
---
time_20201126222226534: {
    message:"https://u.wechat.com/MLn3tM9ro0LmwxaD-IKvvdQ", Rvec:[
    -3.0759691968979790e+00, -6.5535969013001294e-02,
    1.6382601431694821e-01 ], Tvec:[ -3.9675891619588834e+00,
    1.0515157225573926e+01, 5.9952359902745876e+01 ] }
...
---
time_20201126222226657: {
    message:"https://u.wechat.com/MLn3tM9ro0LmwxaD-IKvvdQ", Rvec:[
    -3.0906814441081840e+00, -6.4990748734498074e-02,
    1.5950503861523108e-01 ], Tvec:[ -3.6909639000757646e+00,
    1.0341462575909610e+01, 5.9588065122806626e+01 ] }
...
---
time_20201126222232101: {
    message:"https://u.wechat.com/MLn3tM9ro0LmwxaD-IKvvdQ", Rvec:[
    -3.1279465032169536e+00, -2.4004001998988861e-01,
    1.7919801166537358e-01 ], Tvec:[ 1.1123928647719956e+00,
    7.7529198519747302e+00, 6.8810717808912813e+01 ] }
...
---
time_20201126222232417: {
    message:"https://u.wechat.com/MLn3tM9ro0LmwxaD-IKvvdQ", Rvec:[
    -3.1533035561995639e+00, -2.6009966566202763e-01,
    2.3639882124562200e-01 ], Tvec:[ 9.4702800259020758e-01,
    7.0811845866040191e+00, 7.0300311093937026e+01 ] }
...
---
time_20201126222232557: {
    message:"https://u.wechat.com/MLn3tM9ro0LmwxaD-IKvvdQ", Rvec:[
    -3.1417035863098417e+00, -2.5341014692142527e-01,
    2.2009870217728958e-01 ], Tvec:[ 7.3914799304206824e-01,
    7.0052458570862584e+00, 7.0650247407949138e+01 ] }
...
---
time_20201126222232700: {
    message:"https://u.wechat.com/MLn3tM9ro0LmwxaD-IKvvdQ", Rvec:[
    -3.1359991916816612e+00, -2.5482841756409591e-01,
    2.4297642288832169e-01 ], Tvec:[ 7.2048966181180929e-01,
    6.9770331662033573e+00, 7.0667672438187097e+01 ] }
...
---
time_20201126222232839: {
    message:"https://u.wechat.com/MLn3tM9ro0LmwxaD-IKvvdQ", Rvec:[
    -3.1628947923618567e+00, -2.5800212377601328e-01,
    2.8386371892704898e-01 ], Tvec:[ 7.2022056502235554e-01,
    6.8477781626893970e+00, 7.0504589926243682e+01 ] }
...
---
time_20201126222232993: {
    message:"https://u.wechat.com/MLn3tM9ro0LmwxaD-IKvvdQ", Rvec:[
    -3.1459466358552750e+00, -2.5125022243437373e-01,
    2.0933957089769134e-01 ], Tvec:[ 9.1213825336140453e-01,
    6.9984601190810602e+00, 7.0616922351873740e+01 ] }
...
---
time_20201126222233231: {
    message:"https://u.wechat.com/MLn3tM9ro0LmwxaD-IKvvdQ", Rvec:[
    3.0751226890372703e+00, 2.4576518475885747e-01,
    -1.9222691716945006e-01 ], Tvec:[ 1.2967536790257010e+00,
    7.3895755274902095e+00, 7.0007255639320320e+01 ] }
...
---
time_20201126222233369: {
    message:"https://u.wechat.com/MLn3tM9ro0LmwxaD-IKvvdQ", Rvec:[
    3.0571796296817411e+00, 2.6126232944262656e-01,
    -1.0000107776848710e-01 ], Tvec:[ 1.4901876882892990e+00,
    7.2741685060765446e+00, 6.9172288834301114e+01 ] }
