%YAML:1.0
---
cameraMatrix: !!opencv-matrix
   rows: 3
   cols: 3
   dt: d
   data: [ 5.2959451690573246e+02, 0., 3.4890826738089288e+02, 0.,
       5.2205214629813190e+02, 2.2562199446438314e+02, 0., 0., 1. ]
distCoff: !!opencv-matrix
   rows: 1
   cols: 5
   dt: d
   data: [ 2.3821506532169978e-01, -5.3051575571329401e-01,
       -7.8498411615927736e-03, 2.5487868773283309e-02,
       4.9858740696534676e-01 ]
