%YAML:1.0
---
cameraMatrix: !!opencv-matrix
   rows: 3
   cols: 3
   dt: d
   data: [ 1.2303304536413661e+03, 0., 5.3573347488512513e+02, 0.,
       1.2270558795643706e+03, 7.1856631048960173e+02, 0., 0., 1. ]
distCoff: !!opencv-matrix
   rows: 1
   cols: 5
   dt: d
   data: [ 1.2764970949294821e-01, -4.0240349638589978e-01,
       -4.6229928590928164e-05, -4.0082135516298592e-04,
       4.3320013164475851e-01 ]
Rotation:
   - !!opencv-matrix
      rows: 3
      cols: 1
      dt: d
      data: [ -2.3478777034445411e-02, 3.9716571545463167e-02,
          -1.8117797524682540e+00 ]
   - !!opencv-matrix
      rows: 3
      cols: 1
      dt: d
      data: [ 2.5414792743664316e-01, -2.3401774426148586e-01,
          -1.5624761871618824e+00 ]
   - !!opencv-matrix
      rows: 3
      cols: 1
      dt: d
      data: [ -3.6139425383057083e-01, 3.3293111850591967e-01,
          -1.5387408697745240e+00 ]
   - !!opencv-matrix
      rows: 3
      cols: 1
      dt: d
      data: [ 1.4376127360036725e-01, 3.1411858982958218e-01,
          -1.5424293958611528e+00 ]
   - !!opencv-matrix
      rows: 3
      cols: 1
      dt: d
      data: [ -3.7419477193594314e-01, -1.8810052264412905e-01,
          -1.5689891241673128e+00 ]
   - !!opencv-matrix
      rows: 3
      cols: 1
      dt: d
      data: [ -1.1522549101900419e-02, 2.8651073204770988e-03,
          -1.5849822030039478e+00 ]
   - !!opencv-matrix
      rows: 3
      cols: 1
      dt: d
      data: [ 1.8098981011783363e-01, -1.7452352089395576e-01,
          -1.5782251768505793e+00 ]
   - !!opencv-matrix
      rows: 3
      cols: 1
      dt: d
      data: [ 1.8098981011783372e-01, -1.7452352089395620e-01,
          -1.5782251768505795e+00 ]
   - !!opencv-matrix
      rows: 3
      cols: 1
      dt: d
      data: [ -4.8343142259478955e-01, 4.5275373740862201e-01,
          -1.5385361651571823e+00 ]
   - !!opencv-matrix
      rows: 3
      cols: 1
      dt: d
      data: [ 8.7983907877949401e-03, 2.3891814448488546e-02,
          1.5533886346804506e+00 ]
   - !!opencv-matrix
      rows: 3
      cols: 1
      dt: d
      data: [ -3.2018120008406370e-01, -1.2440361055464726e-01,
          -1.5472794116329223e+00 ]
   - !!opencv-matrix
      rows: 3
      cols: 1
      dt: d
      data: [ 2.8077185632894783e-02, 2.0177956053146598e-01,
          -1.5693637342958098e+00 ]
   - !!opencv-matrix
      rows: 3
      cols: 1
      dt: d
      data: [ 2.4763891954545003e-01, -2.3280208584844431e-01,
          1.2689553687877957e+00 ]
   - !!opencv-matrix
      rows: 3
      cols: 1
      dt: d
      data: [ -3.9587514559265735e-02, -5.6458178065430110e-02,
          1.5374330716179401e+00 ]
   - !!opencv-matrix
      rows: 3
      cols: 1
      dt: d
      data: [ 1.4591804975856509e-01, -1.9482440294250150e-01,
          1.5741259077575633e+00 ]
   - !!opencv-matrix
      rows: 3
      cols: 1
      dt: d
      data: [ -2.2680316670497050e-01, 1.5282588016152682e-01,
          1.5462020019665643e+00 ]
   - !!opencv-matrix
      rows: 3
      cols: 1
      dt: d
      data: [ 9.8823872013791128e-02, 9.0984988332138611e-02,
          1.5556864873320337e+00 ]
   - !!opencv-matrix
      rows: 3
      cols: 1
      dt: d
      data: [ -1.9541473289497580e-01, -1.7696840867821370e-01,
          1.5443004480229181e+00 ]
VectorTranscationMatrix:
   - !!opencv-matrix
      rows: 3
      cols: 1
      dt: d
      data: [ -1.3511067621109945e+00, 4.4799187491158259e+00,
          1.1909191383902463e+01 ]
   - !!opencv-matrix
      rows: 3
      cols: 1
      dt: d
      data: [ -2.5045714395155554e+00, 4.3474103658714531e+00,
          1.0200691700333673e+01 ]
   - !!opencv-matrix
      rows: 3
      cols: 1
      dt: d
      data: [ -1.4081851187973169e+00, 4.0953899258626949e+00,
          1.3225818495536693e+01 ]
   - !!opencv-matrix
      rows: 3
      cols: 1
      dt: d
      data: [ -2.5741576557308439e+00, 4.5722004767506572e+00,
          1.2194580462849794e+01 ]
   - !!opencv-matrix
      rows: 3
      cols: 1
      dt: d
      data: [ -2.4692791569816972e+00, 3.8070245886060787e+00,
          9.8268400230741388e+00 ]
   - !!opencv-matrix
      rows: 3
      cols: 1
      dt: d
      data: [ -2.6122456712487487e+00, 4.2432864437289055e+00,
          1.0973415403922667e+01 ]
   - !!opencv-matrix
      rows: 3
      cols: 1
      dt: d
      data: [ -2.2027148950232145e+00, 4.1600773205523467e+00,
          9.9485125095955276e+00 ]
   - !!opencv-matrix
      rows: 3
      cols: 1
      dt: d
      data: [ -2.2027148950232145e+00, 4.1600773205523467e+00,
          9.9485125095955258e+00 ]
   - !!opencv-matrix
      rows: 3
      cols: 1
      dt: d
      data: [ -2.0435328701162012e+00, 4.1905374183821564e+00,
          1.2509483113782549e+01 ]
   - !!opencv-matrix
      rows: 3
      cols: 1
      dt: d
      data: [ 2.4640673682950953e+00, -4.1544056978601871e+00,
          1.1247812961296043e+01 ]
   - !!opencv-matrix
      rows: 3
      cols: 1
      dt: d
      data: [ -2.6189849976760953e+00, 3.7610055972869945e+00,
          9.4666253917470637e+00 ]
   - !!opencv-matrix
      rows: 3
      cols: 1
      dt: d
      data: [ -2.7878417611066824e+00, 4.5579893455565079e+00,
          1.1266531490203013e+01 ]
   - !!opencv-matrix
      rows: 3
      cols: 1
      dt: d
      data: [ 1.6211010733802527e+00, -4.1873868279757342e+00,
          1.0771247116736099e+01 ]
   - !!opencv-matrix
      rows: 3
      cols: 1
      dt: d
      data: [ 2.7809120018173106e+00, -4.0950868342037285e+00,
          1.2341130689433962e+01 ]
   - !!opencv-matrix
      rows: 3
      cols: 1
      dt: d
      data: [ 2.7489331566376793e+00, -3.4868172498614283e+00,
          9.6103141326552795e+00 ]
   - !!opencv-matrix
      rows: 3
      cols: 1
      dt: d
      data: [ 2.7372506795859910e+00, -4.1982522601397347e+00,
          1.1876634698289539e+01 ]
   - !!opencv-matrix
      rows: 3
      cols: 1
      dt: d
      data: [ 2.7698657368545163e+00, -4.0234401448164796e+00,
          1.0400642590844186e+01 ]
   - !!opencv-matrix
      rows: 3
      cols: 1
      dt: d
      data: [ 3.3016977027472856e+00, -4.1055525371989603e+00,
          1.1595109649624941e+01 ]
